17 17
97 92 91 85 86 80 79 76 78 71 71 68 72 69 71 71 74 
93 90 68 81 57 76 56 72 50 68 51 66 47 66 51 70 71 
89 89 88 78 63 73 75 66 52 63 67 62 52 62 67 69 67 
86 87 65 79 56 73 56 64 43 58 46 62 44 62 49 65 64 
86 87 86 82 82 76 73 64 56 58 64 63 67 63 65 63 61 
83 84 61 77 54 70 52 61 40 57 44 61 44 58 45 61 58 
82 81 81 74 61 66 69 60 46 54 62 58 48 54 58 60 56 
83 81 59 76 52 68 50 61 43 58 44 59 41 56 43 53 52 
84 82 81 77 78 72 70 63 65 61 62 60 60 57 55 51 47 
80 79 60 73 52 66 50 62 43 54 41 53 36 50 37 46 44 
79 78 78 71 56 64 65 57 44 50 52 49 37 46 44 44 40 
78 77 58 70 48 63 48 55 36 48 38 45 32 41 32 39 37 
80 78 77 71 72 64 63 55 46 48 48 44 43 41 40 38 31 
79 79 59 71 48 64 46 53 34 43 34 41 28 35 26 28 25 
81 78 78 70 56 61 61 51 40 43 45 38 30 33 28 27 20 
84 81 59 72 51 62 46 53 37 44 33 37 26 30 21 20 14 
88 83 78 74 72 64 63 55 53 46 45 40 35 30 23 17 6 
